8016
5950
2123
2369
5767
7096
1656
660
545
5306
4434
6200
2025
4448
9690
5937
8336
4181
5113
229
5999
1127
4410
8365
8478
9405
3780
8373
5545
6840
7684
1933
3549
9855
5910
3190
5732
3380
3754
8239
2313
6180
798
8259
2714
5838
3846
1182
8982
8236
1872
3547
5288
9770
4079
154
9191
375
2022
3291
5643
6165
5624
6485
5481
3075
6629
9883
1074
8816
6825
2081
3968
4541
9375
7467
6566
8520
3310
1546
5151
9962
1388
9939
7092
6167
3494
3686
5418
4877
4209
5538
7971
206
4286
6585
6405
8693
8500
2043
7818
3287
9457
6183
3835
398
1893
4544
308
5814
7691
3553
349
6390
3919
2210
2075
7088
9219
1176
9228
7502
1201
3438
9729
6781
1446
325
2664
2067
5984
234
4977
2048
9456
9140
8902
4668
5800
1934
4656
4124
7268
9308
7438
6469
6501
8583
327
9136
1394
6575
7716
6998
8450
3470
4555
2545
9791
1750
464
7511
9139
2775
4266
5589
9717
6978
7699
5753
9612
3543
6168
2229
7137
7601
4907
408
2578
1670
7588
6661
2607
3857
7180
5471
3784
3520
5971
421
1511
8462
9865
3319
687
8751
4875
3344
8419
4683
7041
3033
9875
3139
2326
8876
473
2779
9321
6784
8352
907
3407
4609
1888
9703
8738
326
3959
1730
5861
5238
4157
3326
4556
7498
1657
5593
8192
7583
5587
2941
407
7995
1710
4641
186
422
1314
2016
1312
8615
5819
2901
8434
9570
2951
3455
9154
9623
5695
5476
5411
3551
9755
2809
37
8541
8083
3074
4827
1483
5783
9257
3765
2497
839
1703
2088
6370
816
6601
2813
4053
6362
4298
1777
5065
9915
8344
9037
358
1615
1054
9481
4645
8102
1165
8823
5654
2988
8012
8358
3902
1724
7370
8120
3316
4255
7099
6533
555
1027
1095
9074
8769
544
5746
5618
4620
760
7006
8849
3578
4182
7173
8512
3340
1006
9459
596
1415
2334
2916
7271
2807
3858
739
441
1230
3556
2618
9512
685
6777
5207
1862
8221
4412
4476
6959
707
9779
6251
2259
2884
6116
3642
4039
1717
5346
9409
5329
9383
374
3068
9331
5254
8290
1122
1795
4748
2151
2725
7709
8663
8515
3907
5802
4247
216
6697
9817
3109
9525
796
4692
3762
7999
5630
899
3501
645
3440
7741
4647
3799
5301
884
4795
3822
8151
7063
5872
9391
348
8058
1973
2919
5118
283
1456
9587
9621
6446
6142
4047
1455
841
9904
2367
4168
4682
673
3476
2852
2441
2683
8036
8204
8983
9053
834
332
1235
3342
527
9233
8322
1824
4554
8230
6332
2095
5875
153
954
9586
3789
6083
162
5449
9374
6393
1931
8222
8150
7594
3776
7786
4136
4217
3585
7259
1980
3156
6862
8986
5466
5063
5518
6619
2721
8576
9132
3352
2528
1702
5019
6860
6395
813
80
5778
6066
2278
9103
1332
8659
2568
8131
8300
3622
7299
7313
5350
576
8572
1254
6894
9463
9469
188
1906
2865
7843
1966
6277
3024
5558
5968
1011
6335
5387
5837
9974
9857
4867
4950
4001
4186
2686
7188
5018
4314
2966
5277
6767
5109
5311
9845
3486
4113
2841
9286
1399
4159
9975
4999
4112
2429
8545
10000
582
1080
767
3786
6632
4268
4055
3459
7011
701
2473
1756
6071
5635
1323
2268
8006
3541
4568
9471
1493
9268
3517
285
321
888
3183
5714
144
5412
8634
9721
9628
1451
4509
3300
3387
7748
5038
8169
9966
1732
2747
4792
2553
8656
723
5526
6382
8690
4156
1847
3702
7078
7471
8740
3986
4488
5750
6182
4279
7730
483
209
4344
7873
1387
6540
3071
2660
1401
1487
7989
4899
3803
3179
1346
3119
4115
2183
3844
8954
8628
7362
160
2430
556
292
7337
4972
3126
497
1146
3381
4145
6807
3051
5099
304
3572
5369
5266
5212
8715
2300
6520
6873
1177
5556
6000
1469
6341
6955
2230
3265
131
6438
135
2946
7840
9814
4411
2557
3409
2506
3528
2001
142
1402
9044
1723
6423
6714
5812
4029
7710
7782
2914
235
6103
2241
7342
2432
33
2915
7285
4629
9710
3138
3236
2903
2745
4586
1694
3772
3466
3472
1217
6029
1253
7628
2015
2069
8528
7901
1864
3895
6816
7665
94
3615
9165
8068
819
7596
6235
778
9851
2959
643
4126
4437
8245
3757
7398
1659
5550
6363
9460
1984
2192
6442
8667
6854
6035
6022
5883
3487
7350
3441
4031
6803
9656
2743
1861
3935
8984
6837
7334
2058
886
9210
908
2932
8848
3323
6494
1660
492
2004
6864
9658
4246
4299
491
2965
9918
7863
7153
3850
106
3814
8651
6545
3034
2950
8229
1821
2828
5752
7311
3829
9676
2325
8061
8858
7022
9761
4672
7660
5770
6042
3331
2799
20
1261
1265
3933
9217
1409
173
3220
3084
617
2072
861
9917
581
8644
8390
2869
1437
5144
9701
8761
7251
2153
5964
3812
8041
9906
7572
1635
889
9606
8166
2598
846
8508
1494
4781
9892
8514
1719
7523
9600
8587
9479
4231
7875
5965
3250
7435
6722
6675
2102
9236
2985
3131
1634
9841
6648
1680
4602
2416
809
8598
9747
1551
4752
8770
9792
8257
4676
9102
5886
278
1329
9189
9258
7194
8505
2821
6361
6493
1377
7513
3889
4847
1035
9763
7181
9667
2445
3978
4580
2771
7929
2833
9345
5027
6941
2344
8295
8205
2
4051
901
6070
960
4174
6448
3589
1592
1790
5244
4208
1020
74
460
3608
7712
6199
8978
3953
5739
744
1781
5448
3298
4885
3006
2963
9262
1009
4364
8350
8447
3369
8878
9196
4319
4637
7830
8404
9907
4657
7214
7390
8466
4743
8018
4763
2882
420
4846
165
4898
1835
9088
2296
6098
4506
488
2646
3650
2052
783
2672
1789
6951
668
5731
4114
8443
6568
9020
2948
6109
526
193
7431
5704
9748
1258
6875
1187
1739
720
9577
1203
9207
8311
7314
9014
4063
1532
5888
2018
401
6719
2389
9812
5349
2156
3222
5530
3283
7245
5716
4508
2396
1371
4096
2338
3203
2320
9176
7449
360
9985
6907
5519
394
7589
5300
4376
8248
9758
7468
3666
6925
6006
2013
2161
3707
3566
6883
8717
6499
4405
8568
2539
4432
25
4360
8467
4072
6620
1447
6762
4241
4711
2443
8675
8795
6948
298
3216
1317
5932
804
3804
2400
2044
3263
6082
432
2588
2848
9488
6008
4765
1522
3077
9978
3540
5949
7560
1224
9120
7453
1389
2143
7002
9422
3839
5187
3711
4631
4468
8540
8616
7034
4716
9396
9780
2906
8273
9144
2159
970
5260
4550
9101
1587
1734
5490
4836
7399
3045
1786
7784
5692
8807
3150
5651
7473
6079
982
3985
9691
6194
4868
4671
7049
2450
9477
7423
1976
859
110
5021
4823
7413
9825
4764
9002
9166
9808
6184
4339
2935
3485
1266
7301
706
5936
6228
7848
4833
5166
8581
1705
9179
3821
111
2244
7655
1305
6017
572
2030
6261
9925
9051
6527
2418
3262
4894
9041
289
7823
8087
45
6625
7055
5407
6320
1605
3537
8180
845
2064
7203
3410
632
163
7400
3184
9134
4842
6457
716
9137
9248
6834
5573
8409
2666
7871
2391
7366
8803
9437
8802
2082
9386
2704
4313
392
8945
7769
9820
3596
8163
2586
1202
1142
2379
4381
1191
4187
4240
1663
5546
9150
6056
6359
9230
9800
1991
5364
1860
6962
3153
909
4311
2142
5415
5913
5460
4725
297
5231
5565
7728
2971
4229
3144
8473
6257
2713
1627
8694
709
664
4982
7363
9138
5667
7911
1039
8791
1800
7386
948
7433
2122
2654
7556
5383
2540
3868
7834
425
5701
9949
270
9473
730
6462
5437
4121
3086
9941
1157
9649
9580
3368
5647
4813
8524
6612
4290
5825
3221
2518
2855
6476
8098
8543
7925
9377
40
7231
5146
6567
8687
2465
4140
411
4600
7264
288
100
794
575
6721
1501
7149
620
5023
658
8905
5307
2907
2245
8054
8899
4849
347
9870
737
2792
8251
3938
1251
7224
5675
516
5698
8225
2891
1189
5634
7304
9541
2147
4075
8246
721
9890
2610
6275
467
5426
5016
6483
2309
3484
4160
1743
4185
4777
8523
3322
4158
1170
5434
5616
7409
4259
2668
6637
3009
1120
9788
5806
5941
9090
4225
2492
7389
2719
5179
7156
58
8194
5396
4082
2117
4706
2723
6958
5894
9677
9474
7229
9579
3040
6028
5559
7991
1105
5408
3792
3294
3003
3658
9585
2376
4397
9989
4747
3395
3951
1967
1778
4590
9880
906
7963
376
7220
228
9496
2502
9348
844
2060
9553
1497
5522
384
5410
6559
2096
8563
2176
2189
9732
4331
9882
2858
6823
1430
8502
5995
7634
3277
6154
3274
9419
8522
9860
2922
4485
604
7937
2560
6906
3053
7107
4801
7860
5085
6092
3418
5106
838
1166
3505
2577
3329
9633
9184
9822
2514
3328
3038
6169
7810
8991
1998
3248
6112
5992
5845
8635
7317
7346
6903
7760
1955
4529
598
5749
8210
6676
3856
4467
4684
8247
2283
4179
8121
1278
6752
7014
4735
9490
5664
4418
8077
5440
6760
6463
22
5245
3435
3306
6928
9427
5321
2533
2207
8430
1081
6961
9206
472
5312
6589
1391
9444
5979
4746
3399
2791
9840
7186
8110
6063
7599
5580
1242
6921
6933
7700
1111
779
1895
5666
9646
1924
8341
17
5939
1685
5836
7287
6733
2984
8992
2061
3324
6342
4444
4511
1023
3055
9309
2614
939
6880
3515
3559
4572
546
1491
2811
4778
8916
3673
4228
5233
2343
2605
4850
1013
5796
2645
5025
8871
1983
8575
4292
6388
6467
8397
9278
5138
3288
935
3434
9306
5328
1915
1676
578
2789
7439
2676
3002
832
7255
2284
2108
9104
1722
1772
2817
2889
9528
2806
1668
9141
3771
1028
3899
7138
9510
6850
7009
2475
1553
8111
3655
2892
6989
2380
7199
8915
3957
1040
7383
7613
5354
6785
1784
6929
9796
6538
4958
6920
8139
1029
6138
5020
1422
6758
6552
2647
7111
8881
2551
2894
2201
9604
393
8530
6858
7928
9839
8436
5036
3823
5920
3258
8658
8796
3195
3000
9149
231
2648
2990
6982
8810
1548
5622
4359
410
5078
2555
1797
9198
860
893
584
2530
2643
7970
8624
1226
7315
5691
7330
7738
2554
8706
7416
7380
5196
4457
6548
3230
5255
2447
3588
8053
6898
4853
2523
9622
4103
52
4753
3872
1590
5332
3366
6564
3087
9539
3227
5661
1740
346
5967
9589
9914
354
4578
9018
3733
7112
181
7724
23
6389
6514
3121
714
1921
3617
3360
8472
6287
2164
1057
3013
8048
3764
3684
8118
7249
4822
4730
6346
4295
5049
7406
4456
5728
3870
2868
6983
5662
7144
3141
6687
4702
3042
8783
7302
1513
3929
762
7997
3205
8903
4294
7662
6
6851
2967
2267
8749
9625
6353
7619
1796
7418
5103
1774
2604
6471
3761
1271
9990
1452
7608
6644
5033
1375
2496
4856
6886
6555
8265
3562
5719
905
7332
4302
6500
8411
6725
3910
3669
2457
6502
1495
71
7640
2224
7200
2113
2036
5501
8275
1067
2140
8074
2356
21
6482
225
6705
9692
8513
3492
98
47
7152
5125
1554
8759
1090
3730
3320
8943
6061
8348
9443
768
5458
4612
8470
3793
4986
4503
6692
5090
5374
3777
9024
7780
3855
2116
8223
4670
3172
5043
5678
9886
2101
1232
8031
734
1914
1038
7159
1531
7290
1044
7492
1783
8861
3568
9595
4593
6594
1429
9777
6023
9338
4876
4595
837
9271
3536
3246
1918
5511
8814
8422
4843
8438
8112
4224
1890
5185
7839
1972
8143
9317
213
3603
3881
9195
9352
2499
7725
8253
9467
8477
503
8137
3840
5828
3192
8708
6141
8845
6660
2862
9673
1212
207
7831
4561
3404
4059
5584
5303
3180
5915
8380
8679
2602
586
390
6770
6991
5612
6523
826
8039
8353
7974
5222
8542
6433
7731
507
5071
146
3936
5213
1403
4948
7844
2583
6895
5509
7948
2504
7451
1617
7422
5544
1240
7732
2628
6711
9655
4949
66
8766
423
9446
8274
6129
9452
4826
73
4223
9678
9916
7904
8923
3419
2000
9094
6769
8014
3564
777
6106
140
9073
8410
3021
53
1064
9193
3989
7275
2712
6530
1106
3275
2163
3813
927
8775
3050
6569
6115
8971
4303
9782
1435
8626
8551
4858
8692
9746
1838
3474
2167
1919
4662
1049
5917
1378
6122
5529
9911
7483
4086
5817
4010
2248
7824
69
4759
7987
2480
2556
9201
4358
4779
7602
8705
6806
868
7975
752
5578
7136
8425
7914
2795
4606
6030
9190
1945
9826
7109
2938
4901
756
1219
4197
3177
76
9786
9543
7750
1237
5839
562
961
9498
5972
3897
6662
1316
4146
9654
736
1869
7488
5155
3244
8682
9807
4220
1124
5818
8201
639
3240
9992
9994
2956
6307
3734
4199
2121
8571
5298
2688
5685
5671
5112
7420
4080
2214
797
7377
6345
4470
8134
570
2303
419
7234
3449
9977
3584
9035
7801
700
3498
6590
7351
3946
5921
2053
7042
6732
77
1025
6930
3267
1798
6775
1748
7663
4523
7085
6054
6321
3755
4341
7763
1137
9022
3099
7429
8698
9593
4048
5943
4035
1458
2617
8011
2552
1123
239
4361
3554
3760
8164
5379
4854
5338
2005
4693
6481
4630
6130
5093
569
3818
9426
3570
8454
3683
6544
7288
4347
4696
2920
5527
82
5503
7955
6659
4738
4571
3103
6729
4498
6298
5205
3695
6380
5807
6866
6323
9726
1868
2242
6217
5289
3715
1770
3611
2749
9735
7506
5128
8287
1374
9493
1276
4284
6179
307
4073
8650
5133
9706
4324
3444
8140
1327
2468
565
7385
9827
331
9152
1208
2038
8072
4923
7327
8666
2128
9783
1948
6904
9847
5263
7388
8939
3026
6099
2464
2945
520
244
262
4552
9325
5520
2788
7196
1699
3738
1286
662
4338
3995
4406
3533
6424
8757
1017
9062
5895
9665
6322
4838
9418
615
8488
5904
5846
4954
7484
2859
29
3582
5668
4166
5756
5553
5929
789
9810
1883
9160
2624
4289
246
7485
4253
3854
2861
8267
9708
8574
7535
4928
204
4569
123
1102
2503
4175
4575
6561
7661
5882
980
6839
6266
6650
4687
5844
5037
2730
7913
8990
4067
6970
4133
795
803
8448
1533
6942
7444
2751
8195
5574
9804
3166
9597
7651
5299
1867
91
389
3917
7142
1721
8897
7060
547
8303
5799
68
708
8868
2546
4514
5486
5446
388
5598
2460
6927
8579
9227
4478
2768
9730
7950
1436
451
5171
1993
3481
558
5214
9438
3599
294
4680
3041
3454
6350
6258
5997
8647
6969
7645
4462
8548
7825
2233
405
3744
6031
3948
4239
4998
2766
7493
9868
2231
6244
1510
475
6678
6813
3511
4685
9535
8207
4991
9311
469
4451
2843
7367
6643
4579
1427
4731
2482
318
9367
445
5741
8228
2968
482
5373
5226
7067
143
5859
9455
9540
3383
4379
7979
2495
3408
9016
9898
198
4653
780
6344
7450
8231
7836
4814
9878
6267
4015
8669
1135
985
6551
2520
6786
105
5795
4796
1537
6080
4797
1929
5516
6387
2732
854
5797
3198
5494
7120
8683
6328
945
6973
1773
5642
7019
1508
1236
4349
9118
312
5766
928
7248
16
892
8536
4756
2172
4492
2247
2109
5157
1117
3054
9300
3233
5050
6636
8465
4997
5447
9652
4865
2266
3569
2250
9164
404
6673
6652
4517
2269
126
9680
8504
8633
771
3756
6437
3014
2466
1209
7204
9366
8126
3728
670
1159
6113
5190
8330
4655
2845
9675
8119
3726
8883
5336
8037
7437
2394
5365
8964
4433
770
8956
8002
2810
3662
5026
3201
4041
4878
9950
3955
4961
9213
5803
6351
256
1352
5394
9432
7236
7084
3226
1097
9229
5007
9109
8496
4066
2490
7033
7519
8703
4952
2112
1464
8076
4151
9489
1216
1213
6444
3393
7779
1512
5784
2046
6763
1545
7024
5119
5337
923
4152
6581
1574
4608
6602
4459
4350
2758
8080
5566
7744
7395
6403
2516
1917
4
6331
1652
2359
7254
1382
6197
7870
7215
1812
6968
2600
8779
8702
1417
3060
2339
6152
1726
7701
7013
3736
5156
7165
3206
1580
2543
588
1825
5497
9275
7029
5994
9362
2280
2970
8209
1324
9122
227
8584
8071
3539
4129
8057
6421
4205
5053
4770
3532
5823
7239
9848
6209
7581
5242
9724
4342
1140
3094
2592
3657
9410
9571
60
2883
8332
7000
7595
8894
471
9573
2110
4776
8972
1640
4261
1995
2323
1197
7921
2999
1393
1047
1419
9034
8070
6347
3900
6669
1698
1899
6606
175
5568
7
3458
9381
7381
3392
808
1565
3312
3865
9451
6495
6072
2774
4435
1737
5877
1616
649
1538
9618
9500
8485
3880
6146
2888
5743
6618
168
8157
1498
5562
3178
7926
9235
5677
7968
2437
7799
6868
1238
7850
1256
5710
4363
9630
4886
9926
2846
9545
4425
3155
5908
4333
7864
606
1386
6039
6584
5705
3862
9536
872
1584
6161
5660
2397
732
9360
735
3680
8765
6355
4686
577
8976
4690
2794
2426
6136
7447
4922
3152
7912
7562
9261
5495
2165
9078
476
134
2702
8566
1855
8308
86
5391
8399
7960
177
3896
1536
5884
7443
8476
1876
8617
2710
2715
6430
7564
1282
7894
7687
650
3064
7674
6413
587
5801
1757
9639
8866
4666
5001
7090
5485
8109
7274
4701
8260
2234
2508
3514
2289
87
1007
6245
2409
5621
2281
8013
4351
3375
5121
4979
7209
2263
2483
1932
3602
9448
7401
4402
5115
5165
1903
8781
5541
1881
387
6779
9156
6537
5405
4471
4291
214
8407
5241
7591
8842
4013
443
7668
1713
9836
9937
9613
1960
1010
647
1753
814
6087
3448
2145
3281
9745
5390
8599
4107
3022
7902
3272
1647
6749
1871
189
3289
4164
1283
8323
1818
6435
8967
1691
761
2736
7933
6318
8961
7822
2261
2185
7622
4964
5925
3652
5295
282
2536
6123
1665
5141
3398
5890
7082
8918
7854
3105
19
2670
4391
3015
5608
580
5480
1571
6915
3656
8277
1896
5632
8329
2246
2361
1806
2656
5326
8817
887
7237
9296
1398
9894
8629
7808
4436
2254
3795
8033
5878
2294
4357
9837
5854
7796
9058
1309
836
5639
8670
1805
1843
6742
5521
4098
7868
6246
5505
474
397
7892
8009
7232
2240
7878
5076
7821
3942
6871
418
6420
1630
1001
925
5513
6746
8040
1673
2262
6671
1426
4984
2252
2748
8105
6949
406
6204
1898
2024
9091
9416
1845
3012
8043
9092
748
6340
6484
8170
4736
1928
119
9704
1442
487
8393
4099
1557
944
3887
8307
3107
336
7857
4285
6450
3531
9307
1624
6565
6202
7020
7764
2314
8446
9596
2818
3128
2065
2954
4538
5079
4751
5777
7882
3759
8630
5439
2332
2630
5841
5028
9333
5160
6966
4840
9292
1609
671
9548
9043
8851
2173
6470
8440
9940
9280
7675
2433
6174
7051
3894
8313
6723
9337
6242
4664
7884
1997
4773
1183
6598
7903
3634
7680
9209
3382
602
56
5013
7923
6170
8392
3080
2452
1643
8962
9592
3618
6972
4719
1555
4953
1211
6829
2353
5683
9423
1837
7328
3188
724
7706
4697
7123
4906
6997
7436
1804
8197
8302
7007
8585
3170
8255
3259
4154
3979
4317
1912
2003
7213
9093
3497
1519
6701
624
4935
2904
7510
8623
4334
2089
3433
9057
9513
5951
9167
7056
9263
5645
1561
9145
9159
9105
738
9250
3111
9211
675
6591
5427
5579
499
3830
3529
2652
5206
9893
1058
3318
6187
3341
4249
4957
3861
3710
7832
9638
4275
8790
6979
3831
2125
6198
7729
4163
1396
6283
7195
176
449
6038
8602
9182
6148
3151
337
9119
6385
5864
6011
2912
7747
3116
7992
4003
5758
7384
764
5810
1939
8372
305
7702
2190
1061
498
7908
1575
5216
2298
1525
8549
7783
759
3810
3422
4281
9483
2119
4092
510
8864
1092
5606
7507
6137
1460
2179
4985
6846
5359
8940
8426
3758
7403
1134
1440
1842
1709
5628
6876
3924
7639
2014
5980
9482
788
218
2336
1024
6126
2547
2384
2804
5105
8788
6881
7233
567
2729
5008
7841
5280
7653
1406
8937
3019
9424
531
6479
4841
1110
9199
6656
1421
1602
6805
6132
242
9909
1671
2921
5114
2459
7773
9242
2537
4040
4993
7128
9440
1958
5274
9061
8377
5686
5258
373
2842
1071
3587
3465
5291
7176
3958
9787
1826
9181
4863
3090
8155
6125
3664
8191
1221
911
205
7740
4733
7064
936
7053
2641
2085
3950
6046
8078
2653
6369
9651
6940
8501
9727
850
6521
1179
9127
5208
152
9373
7091
4903
919
4741
9562
7499
1204
330
1340
184
1688
2256
4940
1879
1507
2352
6417
6621
7135
3424
2188
8886
3279
3981
766
2424
4020
994
9885
5637
7073
96
2279
1687
7565
731
5184
323
1892
4335
4438
5167
772
4712
769
8636
3223
5472
8023
4454
7486
5865
6878
7893
2515
3314
9664
7378
4988
1951
7819
2371
7132
5603
815
5240
1534
3838
6214
1841
2987
1649
4551
594
6608
1432
5042
5252
691
8844
1345
5897
7956
3268
1614
9809
2090
6049
710
4689
2939
8402
5325
9615
286
1410
8588
9234
4263
3773
5963
8555
7495
3782
7283
1154
6286
7920
5604
8688
9634
2476
8457
8808
8182
8727
8726
7475
3215
6193
57
7392
3299
6019
222
6861
1368
3056
9056
8981
9147
5316
2407
829
6543
2633
3701
5355
9225
9947
7865
4306
2249
9503
6753
120
7222
4007
5852
3811
2442
1129
2047
4233
9173
2697
7448
7930
2952
653
2390
8418
505
9624
8297
386
7379
7670
2402
7609
8320
676
7134
4534
9987
978
6013
8718
268
9214
3851
619
3092
4526
1215
4623
2696
4234
3228
7281
2136
1503
6406
3567
2304
185
509
1776
9299
9203
3644
8429
1082
9861
6272
3952
655
4800
8958
5062
1803
1985
1922
9605
2790
2509
2040
4775
6738
6848
9125
468
5609
8854
8025
5082
4370
8199
4613
1384
7080
4038
7566
7108
1428
3290
4941
2900
414
1050
9653
8415
5313
3471
9995
914
9749
1207
7590
8786
9903
5229
6394
8044
5860
5811
2620
2413
968
560
2345
9598
5720
7866
4864
2838
5585
2834
6401
4810
5362
1273
4969
8104
2422
8125
6935
3790
3632
5620
4582
4962
1664
8091
6434
3204
7001
313
8969
3565
9679
4482
3059
3973
4393
9436
9951
1163
4078
621
3943
3670
9028
6436
2711
4189
50
3429
6937
3659
5011
5046
7677
5351
3251
2808
7320
3491
6872
2478
7093
2832
2596
8167
9364
3909
1413
9844
2404
1457
7861
793
5899
179
8632
5709
5382
5150
956
5740
2160
362
2837
618
8423
573
3727
9529
2886
159
7531
7516
9004
4429
3296
9924
9291
9891
4147
4933
2182
8606
361
4297
5429
257
6814
3925
7777
7393
9709
8375
8558
2692
504
6431
1801
3028
5919
5711
7954
3078
3191
1461
7241
5367
4135
5857
1882
9712
5257
4118
4705
8345
511
8691
1908
5339
5193
2663
4262
4965
2111
3745
2655
8406
8189
1891
7210
2301
8420
5116
3335
8497
2469
754
3147
1567
116
4120
7905
1479
3873
6052
5285
8085
6050
890
898
4312
1198
9830
5137
8621
4489
1902
5344
2438
1274
30
1679
2549
7481
9487
1070
7899
6745
3261
7426
6349
2311
2961
127
8301
1096
2213
636
6524
5294
6887
1059
4472
8639
3832
223
3241
8474
7549
6047
9162
4584
5765
1021
4273
8824
2778
3920
3681
3940
5805
2337
3445
4931
363
7355
6628
5987
6818
682
2454
6003
559
6376
1506
7189
9736
4559
478
1474
6012
9111
1091
9319
1499
986
6713
5504
5377
7629
5694
3332
4320
6124
4484
6127
4149
4802
4576
6325
3217
6739
1704
3689
5780
6206
2114
695
3883
8279
6808
8379
7889
4144
4718
9253
3595
3601
3243
7005
3996
3032
1651
2346
4161
5430
4180
7018
9581
900
763
9431
4016
8272
6918
9347
1566
8441
4570
61
4771
3260
5375
6740
6735
2034
5588
3414
9070
3
9997
8642
528
9142
7586
9530
6975
3859
8908
3731
2415
258
1397
4519
9320
6426
276
6472
9095
3705
1473
7593
8797
1098
6685
2709
5159
9752
965
1986
9052
1139
812
878
8171
4659
4131
5052
848
5617
3742
6407
2141
6950
1434
9547
1339
2878
525
3420
7345
4416
7182
8032
1927
4487
4394
5909
8147
1068
5761
1963
6995
5249
8860
599
831
5923
379
413
9526
5283
3581
4109
896
4788
9863
2440
4866
840
7072
8754
2458
8395
7537
6291
5958
115
3649
1069
9063
5725
4807
5786
7257
6145
3140
6040
4446
3988
3507
4213
3401
3519
880
2857
8812
8685
5762
7509
2355
1453
3809
6163
1632
1152
2272
644
356
4490
2870
4323
3802
2986
2138
1540
4872
2724
4754
5829
4728
9531
2905
3225
7812
402
1478
5084
7458
1901
248
5474
2893
7646
1854
8484
8347
224
979
18
4483
8324
4407
7466
6556
902
3512
6996
5681
169
2491
5003
1218
4257
3550
1167
7217
2571
8622
9135
4574
2839
3975
2177
7162
8335
9854
2534
5318
7057
5798
3934
9117
6114
9249
1661
129
6119
8289
7059
6776
2757
7179
9609
638
148
6399
6188
92
7455
9972
9397
4235
1832
8809
6956
4515
9821
2573
2784
8589
458
501
9491
973
3808
4910
3309
3518
3905
9313
1193
8993
2041
6640
4398
4037
7372
7087
9980
2419
314
9930
6844
6838
1053
6319
5360
3763
3073
9932
9244
2199
4625
4533
3333
9013
7650
2146
2077
1612
5592
975
4178
1733
1930
1036
287
3748
4502
2797
6207
857
4093
9881
8721
1618
4983
7201
8003
4069
2481
9240
4242
3159
1793
6015
5607
4464
191
7170
4618
6587
6651
6419
8891
3385
8998
9172
6073
5186
1683
7922
4852
8086
2381
800
27
3552
9069
5406
6084
7070
2983
6100
4944
521
9276
7958
8689
3072
1051
8863
3545
7211
9071
3127
8836
9921
2542
3100
865
371
3791
4642
3874
8286
5619
9251
3175
7795
7212
8
6280
3984
8298
4870
1294
5959
6634
9504
4749
2651
7682
4879
9327
7016
2007
9343
2293
4443
536
1650
2412
6372
2270
2785
1544
7811
702
2933
4799
109
8007
6931
1920
1370
2982
8217
446
6953
1712
9087
2976
678
1234
4150
1911
5738
4308
9297
104
2377
4012
2417
2488
444
7489
7678
9559
6599
7295
3965
7759
931
7110
2129
5461
9175
4832
3442
8262
1509
2693
4061
9106
7083
5644
9445
6311
7835
7910
8603
2902
3903
9508
8403
7765
4165
6055
9158
595
2753
9363
5139
2569
2035
4465
2243
1788
6196
7226
8046
8408
8546
7031
65
7867
5571
8451
2974
1558
6822
8620
6357
8826
1831
3489
1126
8853
8005
3714
5789
4269
3801
8123
2649
6048
8333
6465
2054
9967
5164
1682
564
4389
7461
5942
4074
9556
9085
782
1172
9946
601
7752
9040
3439
8312
8654
8924
6428
4070
4336
5564
3523
8252
7723
5297
5198
279
2493
7026
753
4598
5457
5712
1556
853
1728
8168
7169
9776
4343
4859
8846
9380
9521
2306
465
1356
1515
3945
6690
8592
6178
5069
6709
8723
5693
1223
5848
8767
3247
6515
2786
1520
4882
3739
2957
3430
277
6282
9554
41
9650
7575
8560
2115
5905
2321
6215
1622
3525
2981
3027
1644
9591
7667
8165
959
9129
4963
6945
113
5175
4675
1678
3239
9086
4621
357
6519
5089
5610
7938
7037
538
895
2354
2814
5217
7946
9168
729
4861
4635
4477
2324
6264
5779
7828
1484
4793
2094
622
7184
9393
8128
1158
7440
3720
7679
2731
5047
5724
5064
6741
5227
9082
955
2008
5699
2831
3348
9079
1003
2927
4030
3115
7806
1334
8973
8394
8141
7745
434
1326
4976
4137
6219
7935
1099
2461
196
1268
750
4293
3573
415
8950
403
5986
3097
9238
9739
1715
4071
4929
8787
8498
7035
233
3174
9564
7324
8432
3750
7335
5601
3093
9666
5083
1185
8534
6897
4821
1336
1782
4128
693
8999
2943
9047
5572
2863
4911
5182
6002
9059
344
6680
7316
8343
2124
4925
6867
7669
4191
9497
9462
3746
8088
4703
9707
7368
2669
3630
1196
8843
8887
3594
4400
4044
5310
8463
8722
3406
220
5900
6999
9108
3591
7685
2063
2750
7770
8216
1856
6888
3698
7612
1823
5982
661
3164
3379
10
7357
1385
3944
7598
6263
1404
7146
7603
3788
7318
5134
1463
4027
3001
99
9039
8737
6610
9342
3245
8920
6005
522
7158
2019
5498
8280
3956
5885
6020
2561
929
1301
4496
9131
412
2684
4585
9636
4818
4171
3926
3600
9180
7118
8975
9192
253
727
5096
4252
7735
7713
88
7727
6683
7552
8097
3805
3555
1992
6447
5256
4918
4737
7415
1302
9507
3353
2840
2609
698
8936
4134
3775
9824
3921
6306
3597
3044
4301
7561
1987
7886
8288
430
6289
5077
2104
3604
6693
4212
3607
1819
3954
6783
9259
5072
4238
1672
8326
5534
4543
8614
2291
5389
8537
2581
6869
6259
1250
2924
5268
2529
8927
9852
612
7689
219
4420
8305
689
5813
1063
1865
9945
9833
1766
5998
2521
2079
7039
2752
383
9328
9412
9395
5938
2975
8371
8596
5754
2217
2826
108
9789
891
7630
1910
6885
8739
6794
5333
8960
2100
7638
378
1604
5342
3688
3863
6828
3066
1655
8746
309
6378
1076
5235
4884
7973
7984
712
4280
2707
9873
4766
5840
3592
201
4820
5633
3069
9568
4557
4337
4499
5946
8773
6153
2876
7277
8376
7258
9896
5850
8503
2612
7698
6944
7758
8218
6095
8152
1527
2139
5978
7641
3769
508
6791
1369
9685
7411
7847
2062
7116
322
5005
5094
8959
7279
4377
2374
635
7177
5676
7094
6097
7125
6988
6285
453
5488
9371
942
7722
7721
6024
2918
9302
740
7605
1516
9369
1785
178
4532
1284
2273
3271
3148
6884
8582
6301
8653
3182
1633
1151
2895
5687
5955
6312
245
2206
4390
14
3384
6679
2665
8156
3841
8822
1121
4895
5970
5760
4644
1373
7242
272
8266
6899
1188
6010
6409
1459
3901
8133
4596
722
4951
6647
3181
5204
3700
9171
9458
843
4045
5953
9668
932
4704
2287
5820
7717
4387
9368
1543
7888
1897
4707
8904
9245
3117
8865
4545
4081
2548
4947
3007
7291
6510
232
1171
5178
5918
2276
7347
6504
4362
5867
7826
5479
8835
1641
3692
7098
8987
7945
7243
409
9097
9929
433
5933
8710
1107
4415
6151
3389
9509
3325
557
4304
4473
9620
8179
1714
2662
916
5130
667
5111
8731
3699
5517
1043
7768
8106
8553
8645
9243
719
9495
2756
2677
7077
3677
5793
3510
4254
1708
200
7102
9326
9905
4194
4723
2585
6820
874
7915
1830
1707
5399
7943
537
7693
8017
885
4204
7985
8697
1344
5286
1060
9025
7344
1913
4560
7548
6512
4658
6710
2358
8957
6293
199
4076
6402
3388
1873
8619
1645
4127
3961
6295
4475
3213
6305
89
5284
8319
6889
217
2227
9185
7501
6582
4474
9815
3579
2302
1431
6234
7155
3313
6706
2584
5425
4669
2962
3766
3135
7833
1620
6900
2333
4028
6653
3661
4043
3235
513
995
7168
1874
3735
6492
5957
3709
5459
8439
1711
171
6237
424
1275
1420
4783
9762
3797
150
4678
2681
7637
9387
5180
7280
2631
4365
7319
3888
1300
7657
4971
9986
7360
2977
6093
8065
2973
5452
2406
7877
7837
4815
7322
324
6120
2222
7980
8637
3629
9216
1905
4946
3508
3234
7021
1904
1514
1181
3351
3293
1799
366
6041
2926
5792
7976
4990
7891
6252
5613
8356
9183
5370
7666
5611
7476
6090
7718
7580
6901
1470
4085
1880
496
8117
4825
4321
4768
2023
5132
3513
2781
7538
4106
4912
8785
1654
8282
9408
6832
1164
4577
1
7474
1322
1811
915
8049
9803
7792
5162
9645
6425
8862
7631
442
1863
6150
341
3737
300
6529
8828
9934
4382
2218
4562
8850
4143
2580
4628
5849
9428
6491
6971
2582
5287
1569
4798
4033
5775
3577
7325
5508
4611
9365
7106
4000
5713
4539
2835
3503
8226
2622
3557
5145
1338
4699
2997
9687
9385
3882
6859
3598
9908
8028
3633
2802
2853
8678
5493
2908
807
5248
5856
1885
6646
4014
2456
9506
5906
9314
5363
1310
7986
8475
8391
4237
8577
5928
9072
8947
9021
713
2264
3836
355
2689
9700
8034
6819
4497
2550
9499
1517
4008
3108
4004
8401
3837
1977
8183
2444
5821
2595
5930
8480
7862
5702
2410
2421
4921
3974
2462
365
1844
5424
3719
8108
7842
1350
2522
2980
9794
8544
912
7544
63
3437
2925
7553
7753
8243
4591
8910
1767
5581
8510
2590
820
8327
9036
8067
8153
9076
8437
3526
4513
9027
343
4310
5961
4640
7365
7003
3678
7542
3337
32
7075
3898
5776
3307
1573
3717
5356
5416
1763
4094
4587
8744
2472
8608
2815
6456
3061
3475
2737
67
5250
7151
1272
9080
5523
2307
5477
2431
6845
3083
3560
9756
943
3891
1205
8953
7855
8062
9019
6284
2197
8631
4424
6773
8898
6218
3619
2995
9637
9895
427
5491
1689
6356
2382
749
3913
6358
2722
2401
8063
8378
7358
3866
8315
9282
1241
7642
2317
480
2360
835
3428
5506
7816
368
4639
9439
1637
1979
913
240
717
3120
811
6609
3493
6250
8707
5225
8519
6670
8030
8561
3499
9126
879
6336
9475
9751
7559
3932
8089
8838
6270
2558
9153
6292
1014
1965
7465
3826
6696
6964
4995
6118
15
7719
3200
3605
34
6058
1601
5163
6104
4058
1581
7600
1989
4367
1354
8852
6790
3224
5269
28
8742
1100
263
4774
2613
2347
9793
2253
715
8492
5228
7972
6496
2348
6338
4260
2208
9711
7617
4558
5024
2769
1944
781
4938
4428
121
4722
1621
8144
9778
6518
6815
2195
6310
694
6300
3612
2327
3431
2221
5549
4695
6303
5143
4216
1156
128
1341
5988
6932
6396
9330
1530
4691
787
8360
7720
7472
3035
241
5555
6383
3723
2575
1086
8784
6009
2854
1794
5706
9130
6747
2318
3365
3237
4917
862
5267
5974
8625
7030
3931
9897
9186
2572
3048
1521
5475
8021
8489
5582
4226
2699
4203
8249
280
4276
4326
4190
571
8154
610
4042
7579
4567
4900
4346
93
8064
1760
5768
6175
4619
2597
1969
4421
2484
6074
9944
7391
583
7953
3114
9494
2271
6149
38
1313
9971
5153
2836
8481
197
1042
2370
7192
6451
1681
7095
3447
999
4542
7874
457
5960
2364
4392
785
5759
3477
5409
1792
3916
5188
8753
5296
8724
7497
9574
6654
4588
4525
946
5453
6717
8730
9461
8427
7371
3468
5945
5435
5308
9222
2050
2680
5896
8763
3990
1583
8414
8181
8934
5934
4329
3102
603
4890
910
877
2340
8914
991
7704
7742
1638
9178
9204
3524
2636
4332
8276
2517
6186
494
166
3118
7478
3640
3286
5161
8052
4414
1598
2215
6373
3824
7463
5881
3645
1101
8748
2671
9430
6835
9519
8456
6128
4661
8389
8869
2066
5149
9066
7278
7294
9266
8270
2037
9933
1361
3922
4760
3214
876
9659
107
9542
2644
9823
6327
806
7774
5400
3106
8445
7462
9399
6081
7649
5347
1485
5648
3712
825
4804
4505
7568
269
5682
6570
7932
4888
548
4750
1441
391
133
2453
8970
8361
9435
2181
9750
4466
5041
7038
8084
9505
8093
5540
665
9772
1968
5000
8458
9661
7023
6626
3694
9560
8428
3349
9648
9831
3716
4184
5232
8567
5181
2611
725
5561
1916
7175
7464
1866
964
2251
1308
9060
9899
4688
550
9344
3963
2829
971
7767
1731
6241
8877
8793
962
8213
2639
2657
9866
3397
1729
5804
1526
6053
439
6622
8570
1405
39
952
918
3308
7614
830
8931
7623
8256
8468
7936
3065
8115
1439
251
1747
1550
3915
5126
8909
6765
6516
7477
3161
5535
8381
5907
2650
7374
4495
4265
1814
8789
3852
2033
180
666
7216
4893
5730
1228
7570
7829
1307
3930
6727
5672
5371
6256
1749
5239
6797
6592
4272
7739
7147
9688
6157
3621
7307
9466
2118
8874
4430
4920
3848
9635
5034
1194
2186
659
4316
1153
9055
7853
2131
8127
4413
4981
5815
6045
6160
3753
9662
7539
4945
7273
3740
4583
6427
8580
1131
8997
6329
3098
9239
1115
4632
3960
822
8310
4222
2398
9850
7074
7683
2448
7543
8929
6849
7961
3029
2634
7876
1936
4967
1364
4934
4721
9351
9771
4023
4245
8491
1900
7321
3095
7872
9601
7838
6225
1606
5014
7672
2694
1940
600
5030
5755
7805
5273
3623
1318
6290
5808
8095
3257
8760
3160
9324
631
4068
8676
7065
7607
4896
4924
8455
7708
3696
9322
7789
7260
9121
3928
7787
9100
3355
2796
6185
1780
5192
2084
7965
969
9616
7692
6535
5636
9433
5922
642
6787
9254
7659
5665
9205
6703
552
1290
1118
3912
4869
8240
7452
8578
6795
997
2202
3937
4677
4195
9964
7187
112
692
2351
2399
4409
6666
3663
9838
9161
7361
5068
611
8955
7820
4908
9767
3878
8122
1130
5234
7190
6853
342
4431
3194
1366
3133
6453
3425
1407
3911
9015
921
2099
8293
3169
4155
5381
9389
6135
3674
5202
9869
7939
9232
6992
9215
9614
9942
3845
1956
6415
6172
6623
7261
3426
7827
7421
437
9775
627
7988
9089
2930
2157
5176
1083
5464
9961
8668
7025
6642
202
6021
5952
1736
8096
448
7296
5554
6333
3847
4193
3282
1608
8490
5901
8554
3626
1072
5843
1684
2073
7269
8082
5129
6229
947
6638
1445
3189
1150
3478
7897
3421
8605
102
5525
2498
8720
2071
6316
4366
8314
2887
1962
5973
751
3675
255
856
5680
7407
9670
7528
2487
6595
2162
6943
7625
2635
6546
3046
8827
7219
6824
2315
9867
608
7967
6226
4442
9075
5147
49
7143
5655
2282
8994
3877
9146
4232
6831
8889
2097
5259
7124
5831
164
858
6563
2378
747
9284
4378
9398
1828
9112
9846
1041
2942
5097
2026
1943
7949
8604
5055
6990
6468
3104
1875
5983
2103
551
8340
9686
4936
3091
329
9379
1667
3606
847
9572
2500
1834
8202
4087
2913
359
7793
683
6750
3030
6761
1291
4091
9316
8212
3023
2350
5531
1192
6712
8879
436
553
493
3229
2538
4354
6578
2658
977
6574
8771
9671
3825
3303
2823
5903
9157
2489
4646
967
8735
4142
3402
5075
9578
7757
9537
3682
4404
3129
2867
6821
3219
6459
8442
623
2238
7690
9298
6037
333
3530
1907
6164
6034
6730
1593
7536
370
429
3036
7676
2288
2761
9696
6526
6364
5361
7977
4201
3816
139
1610
5499
9415
6981
5088
1504
7964
9527
2783
1279
6914
9281
9293
7101
4897
1564
852
6404
5853
9382
9532
3452
1775
5528
3538
7221
5650
3616
799
7791
774
990
1946
6892
609
5421
4604
9754
2661
9005
3249
8035
7845
8820
963
8813
1490
5745
8590
757
5445
4932
2187
3864
1252
5102
2559
7906
8304
4353
5577
3504
210
5927
561
6506
3697
6278
4309
4325
5977
5352
4422
7798
8359
5293
1625
1353
6743
6562
529
7527
7454
8963
203
9743
3338
2760
2051
8357
5345
7746
8203
5747
3999
8173
2637
4610
3976
8412
2070
3311
4516
1315
2011
1015
1220
7849
6801
4375
592
5403
7396
827
6224
1613
9996
6454
2958
9693
5221
7772
828
8387
5722
5657
8220
6449
1065
2601
8758
6986
9546
4717
46
7127
5496
7869
4844
1839
6144
633
3752
4200
9876
43
1959
8830
2477
5290
4520
1321
1008
2701
2236
5098
7743
6893
5264
2772
5868
5398
8233
447
1486
5502
3672
5110
3047
8234
8325
4834
5172
8149
8531
9912
7131
1019
3876
2931
634
5270
6631
5649
2006
5492
3017
477
9582
455
9874
2759
250
3819
2629
2687
5393
8665
6016
8728
4453
7621
8224
8638
5123
4501
5022
9270
5108
630
4809
2362
5542
7737
7569
686
1465
1810
3721
957
7715
6408
2998
818
8479
9294
4236
7496
4528
8944
9310
5423
5066
9802
9187
4403
9842
2405
3031
5330
6211
5652
7442
5278
6317
7341
377
1000
264
8677
2608
6804
3620
2198
2824
215
226
1586
7040
1886
515
9702
8709
4546
6586
502
6611
9340
6210
6614
9355
6936
1249
8045
8933
1981
4282
8831
1034
518
9999
6799
9194
3391
6418
3641
4968
6755
8552
5450
5599
7515
259
8913
7797
8938
3280
9753
8424
9818
3101
7518
9805
3971
8129
8069
9007
4427
8980
8100
864
3646
7050
5597
9376
5230
5265
3962
9277
1518
1450
6596
1674
9806
6811
3918
3417
6796
5334
6744
996
3783
1104
5124
9241
7470
4531
7076
6108
1827
2175
1848
3648
5552
6686
2368
2851
7235
8383
2632
5
8132
7624
1168
7695
4742
3509
4125
7312
5397
9936
2640
7043
1005
31
1128
2898
8895
6133
1280
8511
4132
2341
5962
9742
8242
7310
1849
1999
1210
5514
6547
3123
4207
870
2740
6508
6189
532
7349
9283
4530
6131
7364
4054
7375
1572
5981
2659
7815
6309
9177
4970
5131
6560
1768
746
4581
1669
7487
5086
3575
2615
2467
5742
9699
2864
2170
4654
8486
481
3651
6842
3278
2091
2994
6367
8159
2393
5772
8768
136
2439
4616
988
7643
8136
9887
6655
1716
9064
5976
5533
1492
628
786
1754
6223
353
6665
4720
7126
1112
6919
4060
4395
6044
8495
5595
6140
9038
4787
4786
6793
6579
6688
6604
2446
7611
5727
4794
711
8672
4510
1846
1444
5751
8010
9602
1337
1381
1541
1320
5392
5080
5893
3079
5729
6645
5327
3315
3580
3542
5236
3817
4077
7547
3671
8135
542
2896
5177
1472
6060
6963
3330
3346
2194
5140
3969
6977
1771
2695
1448
1119
7762
2576
1379
8525
8729
9312
1103
3432
5596
9255
4315
940
7266
5199
4914
7512
5880
1412
652
9501
3871
4355
5317
5858
6443
9569
8591
3624
2706
3914
2375
6778
5388
4090
9611
3450
6946
2755
2239
8214
8664
5707
7688
5931
6917
8175
6243
2299
3199
5869
1560
7046
5816
9208
8564
5947
7647
3908
9965
1594
4791
1319
3708
922
9590
6203
6489
4980
7578
4057
3643
7522
5866
4162
2219
1257
1296
9170
5788
4455
810
2524
1585
7414
6980
8019
1347
8081
4274
9705
8355
9632
8646
9349
2705
3067
8055
1809
7331
6597
6440
9110
9681
8388
5782
8291
2885
8782
6381
2675
6580
992
3558
4049
5656
6874
7430
7265
903
5061
7550
1953
9766
4089
3292
5764
3301
1259
2039
3806
5060
7028
5547
3706
435
9849
5478
7404
5791
6173
335
1937
4592
4116
3488
745
8405
3482
1161
2330
6689
7794
9963
8116
1949
1443
9669
5246
5536
8162
6334
7917
9295
517
7148
466
8926
1141
4892
5074
1200
5539
6649
4440
3285
7490
4636
9318
7408
7627
8661
8022
2225
540
7755
7952
656
4614
4215
2564
7656
8130
2678
4348
1180
8261
8160
7671
8801
4088
7446
3187
9464
1330
1037
4445
6704
8008
1701
8268
352
2277
1244
5455
8815
4817
7359
1595
1004
2563
5054
2485
7012
9465
6539
775
7931
8885
8107
4169
7253
9923
470
456
5012
9979
5583
2565
1233
1970
6412
6890
1032
4824
182
2544
5044
6976
6663
1744
5870
6067
1675
7479
5600
7771
8977
6517
3037
1695
6984
6158
7305
8250
2204
1160
3186
8610
8367
8907
7807
9054
9124
9008
8612
1116
3364
2414
3025
4926
6667
9084
8966
339
2803
3305
1878
4916
5251
4978
1031
9958
9174
9981
6531
6577
7428
9272
4452
9290
6627
1996
3211
663
2621
8172
9402
9694
6276
1539
5070
6708
3691
8283
1762
6192
5314
742
1741
2566
8532
5570
5120
9114
6542
3070
7164
2357
6107
6605
8919
1646
8015
3970
6772
5201
881
6716
5590
3904
2174
4537
8138
5669
2211
5993
3879
7813
2171
6296
8762
7338
1853
3018
4251
8805
9289
6294
3693
2203
9470
4256
9629
9128
4006
9599
2032
5605
2372
2316
7293
591
589
7061
7410
103
1133
9334
6668
462
1925
2541
101
7139
3088
382
174
5638
3146
6281
3185
7353
9558
8431
5830
78
2286
6855
2435
9441
1588
5876
7160
7244
8507
4808
4065
8232
5697
6365
3828
8416
7504
7068
417
8550
8539
4745
9993
5833
8867
4739
688
849
6490
8318
8493
1349
8780
1686
1262
3654
6913
6452
5733
7227
9811
3770
8464
2720
8384
4441
9983
4271
7644
1961
1311
549
4862
9077
3411
3635
7172
9764
4812
9450
7150
6856
7681
941
6639
7858
9478
9723
6865
8369
8772
9984
8600
3972
5855
192
5100
8494
1500
2991
8177
5944
7113
6416
7673
5324
1870
7814
4372
295
5218
26
8750
9288
6924
7983
8804
8334
791
1046
1942
1852
463
9734
1079
1125
13
3005
9859
7004
5107
3480
5468
4835
5871
2879
8832
5384
3941
6780
8834
266
4992
9273
3020
930
758
8094
8776
7045
3270
2168
7592
7524
2830
1941
2169
9759
9155
8211
1143
981
3807
2451
350
8996
8893
2979
6826
7010
1923
9524
7775
70
4062
4767
5348
2098
6607
2328
5006
8056
6268
696
4493
6922
6731
1325
461
989
2002
851
7256
3947
3049
3479
237
9550
6498
4772
4083
5717
8745
6304
7202
12
3176
7856
5489
7851
9561
9197
5663
9608
2800
3747
966
385
6836
614
9774
6155
75
8713
7944
2738
8417
4904
2455
2642
7924
1547
9350
8859
5658
7491
7225
9713
6177
9372
302
4700
291
5787
5892
3653
1477
7966
5368
2741
1033
4426
2205
2365
9384
9538
5262
8704
7520
5433
5117
4264
1390
8284
2844
5045
2513
9689
2532
7457
2494
2763
5507
6014
2105
3875
4052
7432
7800
1414
1333
345
9407
2734
3376
6330
6096
9988
6674
3893
1383
9030
6439
541
396
6026
2144
1607
1791
6782
8158
9922
5219
8051
5017
1145
9813
4148
7130
1077
1658
704
7686
4461
2308
1677
155
2027
1184
9001
9392
1245
6337
2726
2780
6734
1528
1884
5135
5191
1281
8680
5224
4634
9033
8124
5487
9976
4573
4170
8208
5674
5353
2388
3427
8185
2258
6528
1858
9927
2964
3833
7205
2989
5320
83
9468
5331
5142
1206
8029
5170
2793
9400
9420
6833
5924
9011
9631
2519
1113
5380
1563
183
8911
6788
6076
495
5631
247
1496
8671
6965
8733
3637
9785
6802
4198
6573
486
3906
5591
9098
6360
2917
6069
7574
8020
3361
8198
9523
1690
5002
3704
9107
6429
8573
6947
7577
7881
7052
8366
6534
8099
1214
9533
6236
2366
5826
2257
7883
7270
1964
4734
4599
4679
6600
6593
1623
4674
6265
1502
833
6702
5322
3137
7505
2871
6985
9773
147
1822
4845
4278
1190
9357
7585
3967
6391
4681
574
3416
8038
8092
4050
1199
7993
306
5954
5059
5158
5341
9264
2132
114
6503
9081
4288
3593
3506
7907
5087
882
790
2184
3527
7326
2449
1859
3158
8521
7846
3522
3964
554
8547
2728
6967
1408
6635
2606
637
1342
8695
7887
6018
9715
3548
5586
8178
1829
6736
2969
7376
3724
7951
3685
7517
9031
9583
1416
3583
3207
7218
5335
2744
7525
6691
3202
3660
1975
9285
5847
7919
9588
5822
9339
4851
6216
3016
866
1725
5659
8995
4100
3173
7990
579
9332
6062
8880
254
7263
7282
8686
4740
7776
5615
7632
3157
6677
5688
6541
4902
7500
2395
3113
1423
3145
4408
9252
4643
7340
1289
8292
8985
9305
8597
8649
267
6847
7238
5091
4594
597
7664
958
6664
8187
9115
3464
3779
1277
190
3994
987
5703
2107
5670
4873
1335
2944
4527
2531
7032
6487
8696
1343
8354
2603
7756
4909
3987
6800
9388
7129
4025
9315
4104
4874
9603
5512
4974
9414
4536
1947
2074
863
2408
122
1016
8798
5168
6089
5484
654
7526
2996
3373
9378
6478
7540
8527
4002
6768
1114
5444
6466
6707
7405
8193
4172
8328
9009
6414
8219
9237
4019
8714
4122
284
5309
1579
7425
5104
5576
4117
8050
7576
3359
8517
8557
2860
8900
8922
8000
7573
1851
3534
3667
8351
9819
5689
6497
4296
5483
9797
4973
9644
5386
9910
4549
1085
2322
5653
3842
7900
3483
8385
1693
703
4727
3374
8238
8146
4486
8988
2674
9492
755
2087
9768
3212
920
4248
5835
170
4450
5914
4708
741
4518
4660
9123
2403
1988
5169
9484
2960
9256
9065
3687
8338
132
5563
8627
7620
2881
6371
7456
5210
8174
1376
7198
6939
5122
7387
8452
4064
484
145
4905
5304
1735
4449
8594
6792
1231
8821
1764
4633
3193
7191
7694
7521
3143
2890
24
7916
8951
5625
5641
4102
6522
7230
9220
3457
5057
8607
4230
6460
6754
4032
1535
6511
4626
4563
9269
875
6480
2765
8244
1475
4192
2923
9610
7114
4883
5073
4566
8640
4816
5773
8461
9544
1363
3168
2220
625
690
5842
926
236
3982
8811
3089
6233
684
4173
9341
7145
2623
6077
2619
6314
4287
6134
3713
3081
273
7766
8533
8799
5774
5700
3867
3386
8611
8586
3208
5010
9218
4419
1974
938
9960
2080
4211
4663
5302
3849
5524
1433
1392
1476
4960
9919
4101
6007
9404
2031
976
4732
8873
4881
883
1018
9068
2486
6694
7697
9361
9969
2166
2850
9790
4399
5004
6262
9534
9486
2148
2474
7348
2599
9358
6379
7119
6509
3423
605
9744
364
9784
792
5602
3255
7895
8370
9970
8258
4138
1542
1287
1577
1270
5152
950
7555
6748
6299
2292
4769
5785
9442
4056
1411
5442
1078
904
9959
8935
6297
1169
6208
6682
2180
9083
823
8736
7557
1174
1631
4458
454
9151
3516
8921
1759
4327
6269
8641
48
8535
7918
7208
8188
8806
6171
211
5189
4046
6377
490
1802
8734
6156
2638
8294
9565
7942
4811
4943
4889
4648
8024
4022
512
6253
8079
1629
1909
3496
3443
9403
2297
8906
1765
5990
2717
3781
1355
7441
951
1229
1449
4724
7262
3749
3405
9901
6571
5736
8435
3722
6974
4959
4283
2625
7981
3302
4385
6613
2978
3993
5048
4177
3232
3741
2385
6909
7508
1938
7008
6810
7959
6065
1357
3609
3460
2742
8648
2570
6474
514
6273
7890
8374
6852
5095
274
7652
90
9502
5887
6896
7228
3992
5902
4744
8941
8400
9133
137
3625
3544
3357
7140
9067
1358
8613
5237
9760
5272
450
3327
3130
9879
1471
3063
3923
8643
9594
4522
9394
6923
5696
7898
3367
6222
4784
3358
6700
4726
5975
6254
568
9006
2150
9607
4396
194
1466
3238
8609
6101
7957
8764
7297
6441
5413
817
1639
158
130
2849
993
6798
6213
7309
6477
3085
2690
1438
7703
8756
9485
679
1400
8386
7223
6987
4524
372
6486
4828
243
5723
2049
5247
4521
3732
367
7754
9829
1362
320
2295
1815
4258
9871
8114
290
1808
5824
3535
252
7206
7802
6737
2076
9303
8595
9576
1094
9224
7104
6877
7909
4956
8148
8506
2587
4507
897
6191
1243
8206
8269
3725
7333
2055
6159
8896
2260
8396
3983
7133
2822
7417
4553
9757
1162
3815
4605
2698
161
7247
4139
974
3574
699
9725
1248
1628
317
2226
6789
7246
4214
6068
5467
5343
5357
8684
8482
5081
8833
1755
5203
2591
3284
1147
4141
7286
9798
5378
8176
2290
3242
5281
3269
1293
9516
9642
9026
3502
4330
7533
151
8254
6212
6718
657
5211
6461
8752
2126
8928
6279
7352
7546
1255
2527
8047
1817
6830
2767
9968
299
543
8364
381
5744
7298
1576
8841
2953
8856
5991
8363
9453
5436
2820
3196
4694
4803
3571
8459
3295
1568
3370
5292
8888
8060
4757
9023
7105
3636
7419
9801
9555
8974
9113
8190
1820
5009
6720
5183
5279
1075
2178
5051
9741
8968
9935
7412
6513
1026
3350
9858
9973
6882
3276
2427
4548
3751
4761
3124
97
7183
5482
9695
8719
7934
765
9421
6588
3703
4758
9200
2200
3586
3132
6891
5851
7494
2679
2223
1225
7354
6532
1833
9672
2428
7809
8778
8673
6032
6505
7636
3997
5834
6326
626
5323
9390
6812
7097
9246
1331
8200
743
2866
8487
7503
59
2425
5220
9738
117
6036
7397
1030
4966
9279
6324
7584
4713
2130
6088
4715
1222
8747
8309
1524
1751
2471
7615
3546
4368
1173
3461
3347
1529
7790
395
1239
9683
9267
6926
6238
7604
6684
4095
4607
2305
315
7633
6672
2312
5385
4202
6583
6994
8215
2873
4996
9401
7284
5215
7597
340
3966
7658
718
8819
4221
3052
4374
1706
7530
9660
2877
7618
8278
6603
5031
726
7781
1894
697
4111
3462
4188
1136
530
3949
5827
5771
6488
3787
7240
8337
6843
5463
9042
1380
2875
1002
3639
7648
2133
5862
805
524
7480
5431
3403
3167
7962
2827
8518
1600
1365
7174
6464
3400
6190
1299
7804
1175
8075
7534
4277
9856
4017
4371
9032
1263
7529
9480
399
4119
9169
416
6176
7369
1109
616
7343
8483
7788
1696
9520
2685
3998
7749
7048
1727
5438
8235
8339
6455
8837
8237
5551
141
6102
4300
55
3628
3490
275
3796
4463
2928
7616
5200
6143
5366
3304
6756
641
9017
7252
2275
4603
7940
2386
2805
3679
894
1480
221
6400
4328
8316
953
6698
1779
9627
5532
4417
1084
334
9938
2017
4937
4011
1048
8196
7896
5708
4790
2773
4987
4219
7054
8700
2232
5510
4839
6110
4270
7329
6764
5035
2196
2594
2880
6094
9049
4423
8932
4210
2137
4250
2949
6759
124
613
1298
5469
2787
7336
8777
8949
4565
6247
3576
3339
479
1769
9301
8839
2992
8872
8142
4447
2463
1269
3453
2149
3136
3134
7356
5473
8398
2847
6633
9223
5402
8912
5594
3627
3122
8368
9323
2511
5673
6549
6475
485
6205
328
9045
9567
9957
1787
821
8113
7167
8103
5557
6051
1088
1836
2009
6232
1093
9566
8732
2718
9719
3336
3521
3834
9029
7306
7751
1642
9447
6576
2029
4939
7778
5282
9515
3011
5195
8186
3142
5401
6227
1138
3613
9429
3668
3827
3112
648
8281
9563
9287
7402
2255
7100
3451
6766
3778
4887
271
6908
5319
1359
5456
3884
2078
7459
4009
7736
9000
7163
9226
1978
9716
9046
8655
9472
8362
6771
2010
4479
6445
5794
1328
7532
7567
2237
3254
8516
6817
1372
6699
2762
6057
9517
7978
9643
4318
728
4819
3890
3209
7427
4018
2158
6255
8559
6117
1950
4649
6957
733
8979
6536
1648
8965
8460
8825
4589
6695
7654
776
4123
3058
7994
3197
1303
3218
5015
9684
4110
4989
5419
261
9991
1653
3768
2626
9931
1994
6166
2470
5763
1367
6315
6091
5315
3885
4927
4667
7047
2383
489
2134
4388
4871
984
1589
4831
8306
4673
4380
4975
3317
2319
2420
3149
4500
369
2819
260
4650
9434
2770
2068
4915
6954
8925
6938
4183
4762
4806
6911
6374
9722
8161
3561
9411
5276
7081
8471
2021
4785
4026
6681
3886
4829
9557
4665
293
156
3860
2562
2012
3062
3171
4512
6348
5912
311
9877
2329
3076
4227
6025
5735
1697
9518
5101
1877
2776
2708
4469
629
3210
6397
8794
7469
1952
5376
6657
84
1562
6410
1108
8601
6221
8712
6630
6249
566
4036
1454
452
6910
6572
1505
539
9346
1481
4504
1596
4855
5684
2342
6308
7514
6525
1360
9740
646
5985
1073
5372
459
2092
172
3297
3743
79
6352
167
7058
5569
5275
3473
6751
3853
4627
5874
6624
8066
4955
2479
2373
8989
3010
7207
2392
6139
42
1425
1840
2423
2106
2856
8681
6432
2510
4837
5543
316
2120
9010
7036
9799
3927
1611
2746
9720
1816
2228
3495
7062
6726
2777
1292
7696
4244
9682
1666
8271
4540
8593
7996
1089
4710
5891
5614
2955
3354
8884
9955
9260
674
593
8349
5567
2727
7551
3892
680
44
4034
8453
6086
2754
3390
5769
351
1582
1351
9864
2349
1570
2525
9511
5537
1489
8892
5462
9417
1468
7859
9843
705
2993
1626
3057
3767
338
9304
4021
1718
9
7289
7276
238
4305
8433
85
212
9834
2083
5726
8526
8382
11
867
6960
9832
590
3690
6473
5243
7071
8413
2020
8562
3253
2265
2934
7563
949
7852
4345
8699
4638
8565
125
2929
6043
2335
1297
4651
9647
4860
640
4439
9551
7066
5863
1700
7803
5029
4401
7726
5058
1295
2812
1022
5056
5989
5032
301
3256
9163
5715
4384
1619
3412
1304
3610
9920
6059
3820
4176
6550
500
869
7394
9116
2274
9048
7707
3039
3794
81
9212
6239
8184
2947
8529
5969
8901
9188
5721
1087
4460
7079
9737
1056
9406
7941
3162
8499
3252
8241
9370
6916
4494
3843
8509
2764
8469
3396
5911
5500
7541
6952
8556
8059
5173
7250
8073
2627
4780
3980
9476
1012
3676
1599
6934
8741
3371
9514
4601
6105
519
8774
5734
7382
5067
6557
1348
3991
5194
4755
6375
1148
1482
7027
6354
7734
1066
1549
5148
7817
7154
310
3334
1738
4698
2691
9828
3413
2028
9982
2056
1720
5223
7373
7300
6386
6724
8263
7015
4624
3785
9336
5948
6027
2331
7323
9356
8652
9781
4373
8716
5889
5781
6033
9575
2911
1813
9003
1692
972
2209
6201
5623
118
438
2936
400
5451
2816
6078
4481
1597
6368
7879
3343
5092
4218
2059
5441
9050
4206
7069
3356
6558
296
3372
8930
8829
6302
7161
9872
2616
9143
4564
3939
6195
9816
871
2436
3456
3004
1246
7339
7733
585
2285
5935
5996
8538
431
5679
8321
4622
5757
7554
2191
535
8101
4307
2216
6870
3154
2042
3446
937
9619
6728
9096
6064
8342
934
784
7122
4105
8145
5305
6617
9956
802
51
3008
5136
8660
5690
4709
6398
7434
1424
6757
2937
6615
2387
842
9265
6230
2825
2872
3125
2667
8285
8818
2154
9425
8042
3638
8890
1052
1935
6004
2212
1186
7308
3463
672
9795
8227
8004
1889
5422
8847
9148
6905
4714
5737
9549
4891
9889
7292
4880
6111
3273
9953
1462
7017
5629
3165
8449
208
1758
2897
9247
7303
9697
1926
669
4352
1746
7171
6001
5898
1062
5174
9522
9728
2411
6774
4729
5626
2940
1552
3590
8299
9617
5340
7880
1488
9853
2526
824
4383
3096
5432
7141
5040
5039
7103
9657
6384
7185
9641
8662
5560
6553
4153
9663
7635
4491
380
6658
3631
8743
5420
2700
6902
6809
8027
6392
1285
9626
9640
533
2127
9698
924
1288
1857
523
2733
9954
2593
3264
7193
5956
5832
1578
1264
8942
1745
5809
9862
5395
4356
983
4097
2501
1155
7545
1752
6616
2086
855
281
1144
9099
2899
677
426
2574
7927
8444
9952
5443
3614
2155
1260
6288
4108
2798
1636
6841
873
3500
4243
1742
7714
4652
6085
4994
3647
2135
8948
2567
7121
2801
2910
2735
1267
6507
4919
5454
6827
3394
5404
6411
7089
9329
4930
933
6162
7711
9928
9731
8840
6231
6339
3266
2093
3869
7785
3231
2909
2589
5515
2682
8701
1971
2535
149
9012
1306
36
681
5253
6240
5575
7626
1227
8711
3163
6422
7582
2057
3082
5916
9948
8855
7117
3321
6274
7610
4480
6343
2505
303
1523
1045
4340
62
8946
5209
8917
6554
8090
3718
4782
6993
6271
157
8026
9765
7571
9359
9714
7558
7885
3469
7705
8674
8618
2235
4848
35
1982
801
7482
2673
2507
7166
5926
3362
2716
8857
9584
8421
2739
7606
8952
3345
1990
6075
4547
5640
5966
7157
5470
3467
4322
3436
998
4369
5428
9888
7115
8725
8755
7197
9769
4535
2782
2434
428
9733
4857
6863
9552
1467
563
7998
3363
54
4167
9413
5718
6715
4130
4615
249
3415
319
440
506
5127
8264
6121
8657
9231
195
9900
5879
6147
1195
8800
4942
9884
4005
7267
7460
5627
187
3798
6248
8346
64
6181
1662
9674
2703
5748
5271
6220
607
9902
534
8331
1149
7761
5548
2363
8001
1559
3378
9718
4196
3665
5873
6912
6313
5790
2193
9335
2874
9354
5646
6260
138
7587
2310
6641
2152
5197
4830
1395
1850
7086
1807
3377
265
1887
5261
3774
1178
9913
5417
1132
6366
7424
651
7969
5465
6879
4597
4024
9274
5940
1954
9449
9353
8569
917
2512
2972
4789
8875
72
9221
5414
7044
3729
1247
8296
1957
4913
9202
6458
7178
3563
4386
95
9998
1055
8870
3800
1591
4617
2579
1418
6857
230
3043
8317
8792
4267
773
7445
5358
7982
1603
7947
7272
9943
9454
1761
8882
3977
9835
2045
3110
4805
5154
4084